temperature	V(n001)/I(R1)
Step Information: Run=1  (Step: 1/20)
2.500000000000000e+01	1.000000e+04
2.600000000000000e+01	9.617165e+03
2.700000000000000e+01	9.249479e+03
2.800000000000000e+01	8.914467e+03
2.900000000000000e+01	8.581527e+03
3.000000000000000e+01	8.257195e+03
3.100000000000000e+01	7.966005e+03
3.200000000000000e+01	7.643619e+03
3.300000000000000e+01	7.362985e+03
3.400000000000000e+01	7.095904e+03
3.500000000000000e+01	6.851431e+03
3.600000000000000e+01	6.592178e+03
3.700000000000000e+01	6.406343e+03
3.800000000000000e+01	6.141449e+03
3.900000000000000e+01	5.956334e+03
4.000000000000000e+01	5.768817e+03
4.100000000000000e+01	5.564399e+03
4.200000000000000e+01	5.339491e+03
4.300000000000000e+01	5.140607e+03
4.400000000000000e+01	4.990959e+03
4.500000000000000e+01	4.802134e+03
4.600000000000000e+01	4.671423e+03
4.700000000000000e+01	4.527151e+03
4.800000000000000e+01	4.344245e+03
4.900000000000000e+01	4.221494e+03
5.000000000000000e+01	4.058854e+03
5.100000000000000e+01	3.945893e+03
5.200000000000000e+01	3.822465e+03
5.300000000000000e+01	3.718351e+03
5.400000000000000e+01	3.591062e+03
5.500000000000000e+01	3.441327e+03
5.600000000000000e+01	3.367442e+03
5.700000000000000e+01	3.221826e+03
5.800000000000000e+01	3.173400e+03
5.900000000000000e+01	3.014758e+03
6.000000000000000e+01	2.933380e+03
6.100000000000000e+01	2.893031e+03
6.200000000000000e+01	2.760201e+03
6.300000000000000e+01	2.695572e+03
6.400000000000000e+01	2.602469e+03
6.500000000000000e+01	2.561991e+03
6.600000000000000e+01	2.480581e+03
6.700000000000000e+01	2.418736e+03
6.800000000000000e+01	2.349364e+03
6.900000000000000e+01	2.256212e+03
7.000000000000000e+01	2.187566e+03
7.100000000000000e+01	2.122544e+03
7.200000000000000e+01	2.041800e+03
7.300000000000000e+01	1.975133e+03
7.400000000000000e+01	1.925774e+03
7.500000000000000e+01	1.877480e+03
7.600000000000000e+01	1.868593e+03
7.700000000000000e+01	1.773216e+03
7.800000000000000e+01	1.727870e+03
7.900000000000000e+01	1.691355e+03
8.000000000000000e+01	1.626230e+03
8.100000000000000e+01	1.593299e+03
8.200000000000000e+01	1.532641e+03
8.300000000000000e+01	1.494870e+03
8.400000000000000e+01	1.499267e+03
8.500000000000000e+01	1.414787e+03
8.600000000000000e+01	1.377045e+03
8.700000000000000e+01	1.334122e+03
8.800000000000000e+01	1.326835e+03
8.900000000000000e+01	1.291719e+03
9.000000000000000e+01	1.250033e+03
9.100000000000000e+01	1.239565e+03
9.200000000000000e+01	1.177317e+03
9.300000000000000e+01	1.173677e+03
9.400000000000000e+01	1.115487e+03
9.500000000000000e+01	1.078601e+03
9.600000000000000e+01	1.082469e+03
9.700000000000000e+01	1.057064e+03
9.800000000000000e+01	1.044448e+03
9.900000000000000e+01	1.009346e+03
1.000000000000000e+02	9.534835e+02
Step Information: Run=2  (Step: 2/20)
2.500000000000000e+01	1.000000e+04
2.600000000000000e+01	9.616270e+03
2.700000000000000e+01	9.252195e+03
2.800000000000000e+01	8.898690e+03
2.900000000000000e+01	8.587870e+03
3.000000000000000e+01	8.249414e+03
3.100000000000000e+01	7.951212e+03
3.200000000000000e+01	7.654206e+03
3.300000000000000e+01	7.376443e+03
3.400000000000000e+01	7.109804e+03
3.500000000000000e+01	6.868656e+03
3.600000000000000e+01	6.615048e+03
3.700000000000000e+01	6.400698e+03
3.800000000000000e+01	6.157586e+03
3.900000000000000e+01	5.949695e+03
4.000000000000000e+01	5.746553e+03
4.100000000000000e+01	5.532907e+03
4.200000000000000e+01	5.358462e+03
4.300000000000000e+01	5.134735e+03
4.400000000000000e+01	5.015242e+03
4.500000000000000e+01	4.830441e+03
4.600000000000000e+01	4.669569e+03
4.700000000000000e+01	4.490133e+03
4.800000000000000e+01	4.365430e+03
4.900000000000000e+01	4.183092e+03
5.000000000000000e+01	4.081099e+03
5.100000000000000e+01	3.917513e+03
5.200000000000000e+01	3.807893e+03
5.300000000000000e+01	3.722375e+03
5.400000000000000e+01	3.578527e+03
5.500000000000000e+01	3.474848e+03
5.600000000000000e+01	3.351785e+03
5.700000000000000e+01	3.233171e+03
5.800000000000000e+01	3.112423e+03
5.900000000000000e+01	3.034406e+03
6.000000000000000e+01	2.926905e+03
6.100000000000000e+01	2.865662e+03
6.200000000000000e+01	2.774765e+03
6.300000000000000e+01	2.694681e+03
6.400000000000000e+01	2.616553e+03
6.500000000000000e+01	2.532584e+03
6.600000000000000e+01	2.464123e+03
6.700000000000000e+01	2.363721e+03
6.800000000000000e+01	2.310681e+03
6.900000000000000e+01	2.250175e+03
7.000000000000000e+01	2.153106e+03
7.100000000000000e+01	2.152585e+03
7.200000000000000e+01	2.030029e+03
7.300000000000000e+01	2.010886e+03
7.400000000000000e+01	1.933863e+03
7.500000000000000e+01	1.900105e+03
7.600000000000000e+01	1.815353e+03
7.700000000000000e+01	1.814349e+03
7.800000000000000e+01	1.726893e+03
7.900000000000000e+01	1.673765e+03
8.000000000000000e+01	1.664326e+03
8.100000000000000e+01	1.569597e+03
8.200000000000000e+01	1.577885e+03
8.300000000000000e+01	1.524843e+03
8.400000000000000e+01	1.454874e+03
8.500000000000000e+01	1.456273e+03
8.600000000000000e+01	1.387581e+03
8.700000000000000e+01	1.384711e+03
8.800000000000000e+01	1.312544e+03
8.900000000000000e+01	1.285867e+03
9.000000000000000e+01	1.257441e+03
9.100000000000000e+01	1.237404e+03
9.200000000000000e+01	1.208992e+03
9.300000000000000e+01	1.166007e+03
9.400000000000000e+01	1.117790e+03
9.500000000000000e+01	1.124660e+03
9.600000000000000e+01	1.086315e+03
9.700000000000000e+01	1.047334e+03
9.800000000000000e+01	1.006596e+03
9.900000000000000e+01	9.743737e+02
1.000000000000000e+02	9.572210e+02
Step Information: Run=3  (Step: 3/20)
2.500000000000000e+01	1.000000e+04
2.600000000000000e+01	9.623037e+03
2.700000000000000e+01	9.259794e+03
2.800000000000000e+01	8.907813e+03
2.900000000000000e+01	8.566266e+03
3.000000000000000e+01	8.263623e+03
3.100000000000000e+01	7.971662e+03
3.200000000000000e+01	7.677457e+03
3.300000000000000e+01	7.368303e+03
3.400000000000000e+01	7.132532e+03
3.500000000000000e+01	6.874842e+03
3.600000000000000e+01	6.618823e+03
3.700000000000000e+01	6.399816e+03
3.800000000000000e+01	6.159799e+03
3.900000000000000e+01	5.915699e+03
4.000000000000000e+01	5.727478e+03
4.100000000000000e+01	5.522151e+03
4.200000000000000e+01	5.353174e+03
4.300000000000000e+01	5.162759e+03
4.400000000000000e+01	5.022307e+03
4.500000000000000e+01	4.835544e+03
4.600000000000000e+01	4.668309e+03
4.700000000000000e+01	4.477162e+03
4.800000000000000e+01	4.335033e+03
4.900000000000000e+01	4.231753e+03
5.000000000000000e+01	4.103593e+03
5.100000000000000e+01	3.944530e+03
5.200000000000000e+01	3.825676e+03
5.300000000000000e+01	3.678238e+03
5.400000000000000e+01	3.592104e+03
5.500000000000000e+01	3.454038e+03
5.600000000000000e+01	3.331195e+03
5.700000000000000e+01	3.262645e+03
5.800000000000000e+01	3.156090e+03
5.900000000000000e+01	3.061662e+03
6.000000000000000e+01	2.933819e+03
6.100000000000000e+01	2.853955e+03
6.200000000000000e+01	2.787503e+03
6.300000000000000e+01	2.697841e+03
6.400000000000000e+01	2.627731e+03
6.500000000000000e+01	2.507415e+03
6.600000000000000e+01	2.461289e+03
6.700000000000000e+01	2.370411e+03
6.800000000000000e+01	2.344449e+03
6.900000000000000e+01	2.257231e+03
7.000000000000000e+01	2.160306e+03
7.100000000000000e+01	2.130900e+03
7.200000000000000e+01	2.033873e+03
7.300000000000000e+01	1.999236e+03
7.400000000000000e+01	1.968321e+03
7.500000000000000e+01	1.909393e+03
7.600000000000000e+01	1.809638e+03
7.700000000000000e+01	1.756230e+03
7.800000000000000e+01	1.752478e+03
7.900000000000000e+01	1.718007e+03
8.000000000000000e+01	1.649026e+03
8.100000000000000e+01	1.581309e+03
8.200000000000000e+01	1.555644e+03
8.300000000000000e+01	1.510084e+03
8.400000000000000e+01	1.499228e+03
8.500000000000000e+01	1.410453e+03
8.600000000000000e+01	1.411450e+03
8.700000000000000e+01	1.337006e+03
8.800000000000000e+01	1.325303e+03
8.900000000000000e+01	1.306382e+03
9.000000000000000e+01	1.267882e+03
9.100000000000000e+01	1.206574e+03
9.200000000000000e+01	1.191875e+03
9.300000000000000e+01	1.180794e+03
9.400000000000000e+01	1.123549e+03
9.500000000000000e+01	1.095645e+03
9.600000000000000e+01	1.070370e+03
9.700000000000000e+01	1.036901e+03
9.800000000000000e+01	1.028320e+03
9.900000000000000e+01	9.880107e+02
1.000000000000000e+02	9.624181e+02
Step Information: Run=4  (Step: 4/20)
2.500000000000000e+01	1.000000e+04
2.600000000000000e+01	9.622396e+03
2.700000000000000e+01	9.256907e+03
2.800000000000000e+01	8.918154e+03
2.900000000000000e+01	8.568644e+03
3.000000000000000e+01	8.269199e+03
3.100000000000000e+01	7.942604e+03
3.200000000000000e+01	7.670837e+03
3.300000000000000e+01	7.378207e+03
3.400000000000000e+01	7.122363e+03
3.500000000000000e+01	6.848540e+03
3.600000000000000e+01	6.639576e+03
3.700000000000000e+01	6.355729e+03
3.800000000000000e+01	6.178259e+03
3.900000000000000e+01	5.927530e+03
4.000000000000000e+01	5.752101e+03
4.100000000000000e+01	5.555749e+03
4.200000000000000e+01	5.375630e+03
4.300000000000000e+01	5.177000e+03
4.400000000000000e+01	5.006384e+03
4.500000000000000e+01	4.790193e+03
4.600000000000000e+01	4.681954e+03
4.700000000000000e+01	4.498805e+03
4.800000000000000e+01	4.377196e+03
4.900000000000000e+01	4.236758e+03
5.000000000000000e+01	4.083630e+03
5.100000000000000e+01	3.950409e+03
5.200000000000000e+01	3.841061e+03
5.300000000000000e+01	3.709092e+03
5.400000000000000e+01	3.566441e+03
5.500000000000000e+01	3.488778e+03
5.600000000000000e+01	3.334299e+03
5.700000000000000e+01	3.220990e+03
5.800000000000000e+01	3.114522e+03
5.900000000000000e+01	3.085446e+03
6.000000000000000e+01	2.950521e+03
6.100000000000000e+01	2.847004e+03
6.200000000000000e+01	2.791191e+03
6.300000000000000e+01	2.721249e+03
6.400000000000000e+01	2.628553e+03
6.500000000000000e+01	2.511785e+03
6.600000000000000e+01	2.479151e+03
6.700000000000000e+01	2.387707e+03
6.800000000000000e+01	2.351759e+03
6.900000000000000e+01	2.283037e+03
7.000000000000000e+01	2.199003e+03
7.100000000000000e+01	2.148292e+03
7.200000000000000e+01	2.068365e+03
7.300000000000000e+01	2.011393e+03
7.400000000000000e+01	1.931303e+03
7.500000000000000e+01	1.917963e+03
7.600000000000000e+01	1.836514e+03
7.700000000000000e+01	1.790819e+03
7.800000000000000e+01	1.725099e+03
7.900000000000000e+01	1.703558e+03
8.000000000000000e+01	1.648258e+03
8.100000000000000e+01	1.611478e+03
8.200000000000000e+01	1.529364e+03
8.300000000000000e+01	1.513946e+03
8.400000000000000e+01	1.465573e+03
8.500000000000000e+01	1.433206e+03
8.600000000000000e+01	1.393765e+03
8.700000000000000e+01	1.371672e+03
8.800000000000000e+01	1.331119e+03
8.900000000000000e+01	1.287532e+03
9.000000000000000e+01	1.249250e+03
9.100000000000000e+01	1.231663e+03
9.200000000000000e+01	1.167275e+03
9.300000000000000e+01	1.173563e+03
9.400000000000000e+01	1.118547e+03
9.500000000000000e+01	1.110755e+03
9.600000000000000e+01	1.083156e+03
9.700000000000000e+01	1.026389e+03
9.800000000000000e+01	1.019905e+03
9.900000000000000e+01	9.793264e+02
1.000000000000000e+02	9.522733e+02
Step Information: Run=5  (Step: 5/20)
2.500000000000000e+01	1.000000e+04
2.600000000000000e+01	9.621232e+03
2.700000000000000e+01	9.262404e+03
2.800000000000000e+01	8.914243e+03
2.900000000000000e+01	8.571082e+03
3.000000000000000e+01	8.268327e+03
3.100000000000000e+01	7.957484e+03
3.200000000000000e+01	7.645931e+03
3.300000000000000e+01	7.401213e+03
3.400000000000000e+01	7.111575e+03
3.500000000000000e+01	6.864500e+03
3.600000000000000e+01	6.621856e+03
3.700000000000000e+01	6.398615e+03
3.800000000000000e+01	6.158867e+03
3.900000000000000e+01	5.918654e+03
4.000000000000000e+01	5.764221e+03
4.100000000000000e+01	5.524997e+03
4.200000000000000e+01	5.340999e+03
4.300000000000000e+01	5.187627e+03
4.400000000000000e+01	4.998364e+03
4.500000000000000e+01	4.838708e+03
4.600000000000000e+01	4.636130e+03
4.700000000000000e+01	4.477125e+03
4.800000000000000e+01	4.348873e+03
4.900000000000000e+01	4.237423e+03
5.000000000000000e+01	4.075323e+03
5.100000000000000e+01	3.920288e+03
5.200000000000000e+01	3.827089e+03
5.300000000000000e+01	3.671092e+03
5.400000000000000e+01	3.591692e+03
5.500000000000000e+01	3.487258e+03
5.600000000000000e+01	3.354500e+03
5.700000000000000e+01	3.271253e+03
5.800000000000000e+01	3.121363e+03
5.900000000000000e+01	3.071838e+03
6.000000000000000e+01	2.948118e+03
6.100000000000000e+01	2.839103e+03
6.200000000000000e+01	2.786572e+03
6.300000000000000e+01	2.663530e+03
6.400000000000000e+01	2.637404e+03
6.500000000000000e+01	2.503200e+03
6.600000000000000e+01	2.456093e+03
6.700000000000000e+01	2.381123e+03
6.800000000000000e+01	2.342862e+03
6.900000000000000e+01	2.245599e+03
7.000000000000000e+01	2.181161e+03
7.100000000000000e+01	2.134230e+03
7.200000000000000e+01	2.085694e+03
7.300000000000000e+01	1.986800e+03
7.400000000000000e+01	1.961720e+03
7.500000000000000e+01	1.870171e+03
7.600000000000000e+01	1.857063e+03
7.700000000000000e+01	1.797699e+03
7.800000000000000e+01	1.713546e+03
7.900000000000000e+01	1.678279e+03
8.000000000000000e+01	1.628266e+03
8.100000000000000e+01	1.623459e+03
8.200000000000000e+01	1.575759e+03
8.300000000000000e+01	1.535986e+03
8.400000000000000e+01	1.499811e+03
8.500000000000000e+01	1.434984e+03
8.600000000000000e+01	1.387203e+03
8.700000000000000e+01	1.356162e+03
8.800000000000000e+01	1.322268e+03
8.900000000000000e+01	1.296354e+03
9.000000000000000e+01	1.267181e+03
9.100000000000000e+01	1.235630e+03
9.200000000000000e+01	1.207184e+03
9.300000000000000e+01	1.155324e+03
9.400000000000000e+01	1.119523e+03
9.500000000000000e+01	1.083892e+03
9.600000000000000e+01	1.064522e+03
9.700000000000000e+01	1.060172e+03
9.800000000000000e+01	1.022548e+03
9.900000000000000e+01	1.018655e+03
1.000000000000000e+02	9.606245e+02
Step Information: Run=6  (Step: 6/20)
2.500000000000000e+01	1.000000e+04
2.600000000000000e+01	9.622812e+03
2.700000000000000e+01	9.256575e+03
2.800000000000000e+01	8.898505e+03
2.900000000000000e+01	8.575627e+03
3.000000000000000e+01	8.246074e+03
3.100000000000000e+01	7.944724e+03
3.200000000000000e+01	7.675787e+03
3.300000000000000e+01	7.366974e+03
3.400000000000000e+01	7.124561e+03
3.500000000000000e+01	6.845128e+03
3.600000000000000e+01	6.627884e+03
3.700000000000000e+01	6.393884e+03
3.800000000000000e+01	6.149722e+03
3.900000000000000e+01	5.938405e+03
4.000000000000000e+01	5.765984e+03
4.100000000000000e+01	5.521338e+03
4.200000000000000e+01	5.349390e+03
4.300000000000000e+01	5.167173e+03
4.400000000000000e+01	4.996132e+03
4.500000000000000e+01	4.830454e+03
4.600000000000000e+01	4.641912e+03
4.700000000000000e+01	4.472430e+03
4.800000000000000e+01	4.339402e+03
4.900000000000000e+01	4.204328e+03
5.000000000000000e+01	4.107843e+03
5.100000000000000e+01	3.934265e+03
5.200000000000000e+01	3.814606e+03
5.300000000000000e+01	3.709304e+03
5.400000000000000e+01	3.589334e+03
5.500000000000000e+01	3.453475e+03
5.600000000000000e+01	3.317929e+03
5.700000000000000e+01	3.247747e+03
5.800000000000000e+01	3.131471e+03
5.900000000000000e+01	3.068822e+03
6.000000000000000e+01	2.968589e+03
6.100000000000000e+01	2.848303e+03
6.200000000000000e+01	2.765917e+03
6.300000000000000e+01	2.682126e+03
6.400000000000000e+01	2.643629e+03
6.500000000000000e+01	2.538684e+03
6.600000000000000e+01	2.446868e+03
6.700000000000000e+01	2.417581e+03
6.800000000000000e+01	2.347119e+03
6.900000000000000e+01	2.248263e+03
7.000000000000000e+01	2.200645e+03
7.100000000000000e+01	2.122820e+03
7.200000000000000e+01	2.085025e+03
7.300000000000000e+01	2.028346e+03
7.400000000000000e+01	1.969595e+03
7.500000000000000e+01	1.861036e+03
7.600000000000000e+01	1.821490e+03
7.700000000000000e+01	1.800457e+03
7.800000000000000e+01	1.722980e+03
7.900000000000000e+01	1.693780e+03
8.000000000000000e+01	1.643904e+03
8.100000000000000e+01	1.623882e+03
8.200000000000000e+01	1.547723e+03
8.300000000000000e+01	1.512911e+03
8.400000000000000e+01	1.449178e+03
8.500000000000000e+01	1.408535e+03
8.600000000000000e+01	1.371768e+03
8.700000000000000e+01	1.368454e+03
8.800000000000000e+01	1.306724e+03
8.900000000000000e+01	1.302190e+03
9.000000000000000e+01	1.256904e+03
9.100000000000000e+01	1.221352e+03
9.200000000000000e+01	1.204235e+03
9.300000000000000e+01	1.149570e+03
9.400000000000000e+01	1.107023e+03
9.500000000000000e+01	1.094575e+03
9.600000000000000e+01	1.085360e+03
9.700000000000000e+01	1.049025e+03
9.800000000000000e+01	1.044951e+03
9.900000000000000e+01	9.987319e+02
1.000000000000000e+02	9.506611e+02
Step Information: Run=7  (Step: 7/20)
2.500000000000000e+01	1.000000e+04
2.600000000000000e+01	9.621789e+03
2.700000000000000e+01	9.259798e+03
2.800000000000000e+01	8.902414e+03
2.900000000000000e+01	8.576832e+03
3.000000000000000e+01	8.261610e+03
3.100000000000000e+01	7.965011e+03
3.200000000000000e+01	7.662053e+03
3.300000000000000e+01	7.375200e+03
3.400000000000000e+01	7.128975e+03
3.500000000000000e+01	6.860876e+03
3.600000000000000e+01	6.604443e+03
3.700000000000000e+01	6.393583e+03
3.800000000000000e+01	6.141231e+03
3.900000000000000e+01	5.921727e+03
4.000000000000000e+01	5.768169e+03
4.100000000000000e+01	5.513843e+03
4.200000000000000e+01	5.342611e+03
4.300000000000000e+01	5.194680e+03
4.400000000000000e+01	4.961827e+03
4.500000000000000e+01	4.794032e+03
4.600000000000000e+01	4.627458e+03
4.700000000000000e+01	4.477762e+03
4.800000000000000e+01	4.324919e+03
4.900000000000000e+01	4.182584e+03
5.000000000000000e+01	4.112553e+03
5.100000000000000e+01	3.923706e+03
5.200000000000000e+01	3.851746e+03
5.300000000000000e+01	3.687817e+03
5.400000000000000e+01	3.565465e+03
5.500000000000000e+01	3.475731e+03
5.600000000000000e+01	3.382593e+03
5.700000000000000e+01	3.276483e+03
5.800000000000000e+01	3.113464e+03
5.900000000000000e+01	3.047930e+03
6.000000000000000e+01	2.944813e+03
6.100000000000000e+01	2.851177e+03
6.200000000000000e+01	2.809771e+03
6.300000000000000e+01	2.715768e+03
6.400000000000000e+01	2.618593e+03
6.500000000000000e+01	2.570068e+03
6.600000000000000e+01	2.490406e+03
6.700000000000000e+01	2.398600e+03
6.800000000000000e+01	2.330495e+03
6.900000000000000e+01	2.217244e+03
7.000000000000000e+01	2.200175e+03
7.100000000000000e+01	2.098365e+03
7.200000000000000e+01	2.070271e+03
7.300000000000000e+01	1.986226e+03
7.400000000000000e+01	1.923422e+03
7.500000000000000e+01	1.908295e+03
7.600000000000000e+01	1.808656e+03
7.700000000000000e+01	1.773125e+03
7.800000000000000e+01	1.707500e+03
7.900000000000000e+01	1.673172e+03
8.000000000000000e+01	1.660706e+03
8.100000000000000e+01	1.606278e+03
8.200000000000000e+01	1.571966e+03
8.300000000000000e+01	1.493521e+03
8.400000000000000e+01	1.446508e+03
8.500000000000000e+01	1.417752e+03
8.600000000000000e+01	1.374815e+03
8.700000000000000e+01	1.360182e+03
8.800000000000000e+01	1.331137e+03
8.900000000000000e+01	1.269924e+03
9.000000000000000e+01	1.251417e+03
9.100000000000000e+01	1.241505e+03
9.200000000000000e+01	1.205181e+03
9.300000000000000e+01	1.160549e+03
9.400000000000000e+01	1.135114e+03
9.500000000000000e+01	1.089551e+03
9.600000000000000e+01	1.081281e+03
9.700000000000000e+01	1.034791e+03
9.800000000000000e+01	9.993234e+02
9.900000000000000e+01	9.804855e+02
1.000000000000000e+02	9.567228e+02
Step Information: Run=8  (Step: 8/20)
2.500000000000000e+01	1.000000e+04
2.600000000000000e+01	9.623017e+03
2.700000000000000e+01	9.249383e+03
2.800000000000000e+01	8.901670e+03
2.900000000000000e+01	8.566746e+03
3.000000000000000e+01	8.272112e+03
3.100000000000000e+01	7.971694e+03
3.200000000000000e+01	7.659049e+03
3.300000000000000e+01	7.374634e+03
3.400000000000000e+01	7.112912e+03
3.500000000000000e+01	6.854692e+03
3.600000000000000e+01	6.593802e+03
3.700000000000000e+01	6.397377e+03
3.800000000000000e+01	6.134233e+03
3.900000000000000e+01	5.967415e+03
4.000000000000000e+01	5.749088e+03
4.100000000000000e+01	5.514678e+03
4.200000000000000e+01	5.366696e+03
4.300000000000000e+01	5.145388e+03
4.400000000000000e+01	4.987293e+03
4.500000000000000e+01	4.791943e+03
4.600000000000000e+01	4.661279e+03
4.700000000000000e+01	4.494468e+03
4.800000000000000e+01	4.382551e+03
4.900000000000000e+01	4.179787e+03
5.000000000000000e+01	4.066648e+03
5.100000000000000e+01	3.967694e+03
5.200000000000000e+01	3.848172e+03
5.300000000000000e+01	3.694647e+03
5.400000000000000e+01	3.555493e+03
5.500000000000000e+01	3.465688e+03
5.600000000000000e+01	3.326020e+03
5.700000000000000e+01	3.238171e+03
5.800000000000000e+01	3.118555e+03
5.900000000000000e+01	3.086332e+03
6.000000000000000e+01	2.942570e+03
6.100000000000000e+01	2.859967e+03
6.200000000000000e+01	2.807137e+03
6.300000000000000e+01	2.660476e+03
6.400000000000000e+01	2.632928e+03
6.500000000000000e+01	2.547479e+03
6.600000000000000e+01	2.447469e+03
6.700000000000000e+01	2.356490e+03
6.800000000000000e+01	2.336337e+03
6.900000000000000e+01	2.221779e+03
7.000000000000000e+01	2.159908e+03
7.100000000000000e+01	2.126221e+03
7.200000000000000e+01	2.062745e+03
7.300000000000000e+01	1.998060e+03
7.400000000000000e+01	1.923878e+03
7.500000000000000e+01	1.912676e+03
7.600000000000000e+01	1.828726e+03
7.700000000000000e+01	1.755898e+03
7.800000000000000e+01	1.728147e+03
7.900000000000000e+01	1.692349e+03
8.000000000000000e+01	1.670628e+03
8.100000000000000e+01	1.622232e+03
8.200000000000000e+01	1.552535e+03
8.300000000000000e+01	1.496349e+03
8.400000000000000e+01	1.458528e+03
8.500000000000000e+01	1.449914e+03
8.600000000000000e+01	1.407711e+03
8.700000000000000e+01	1.360367e+03
8.800000000000000e+01	1.324295e+03
8.900000000000000e+01	1.278524e+03
9.000000000000000e+01	1.271179e+03
9.100000000000000e+01	1.238014e+03
9.200000000000000e+01	1.211130e+03
9.300000000000000e+01	1.168948e+03
9.400000000000000e+01	1.147019e+03
9.500000000000000e+01	1.125441e+03
9.600000000000000e+01	1.058674e+03
9.700000000000000e+01	1.059691e+03
9.800000000000000e+01	1.038343e+03
9.900000000000000e+01	1.012227e+03
1.000000000000000e+02	9.807325e+02
Step Information: Run=9  (Step: 9/20)
2.500000000000000e+01	1.000000e+04
2.600000000000000e+01	9.620341e+03
2.700000000000000e+01	9.252135e+03
2.800000000000000e+01	8.909887e+03
2.900000000000000e+01	8.589191e+03
3.000000000000000e+01	8.265459e+03
3.100000000000000e+01	7.938236e+03
3.200000000000000e+01	7.677112e+03
3.300000000000000e+01	7.403371e+03
3.400000000000000e+01	7.129449e+03
3.500000000000000e+01	6.878538e+03
3.600000000000000e+01	6.604596e+03
3.700000000000000e+01	6.366730e+03
3.800000000000000e+01	6.154083e+03
3.900000000000000e+01	5.943954e+03
4.000000000000000e+01	5.731361e+03
4.100000000000000e+01	5.534478e+03
4.200000000000000e+01	5.369958e+03
4.300000000000000e+01	5.139031e+03
4.400000000000000e+01	5.024310e+03
4.500000000000000e+01	4.839646e+03
4.600000000000000e+01	4.641482e+03
4.700000000000000e+01	4.499251e+03
4.800000000000000e+01	4.353287e+03
4.900000000000000e+01	4.243601e+03
5.000000000000000e+01	4.045318e+03
5.100000000000000e+01	3.951504e+03
5.200000000000000e+01	3.850711e+03
5.300000000000000e+01	3.688020e+03
5.400000000000000e+01	3.582853e+03
5.500000000000000e+01	3.490409e+03
5.600000000000000e+01	3.345998e+03
5.700000000000000e+01	3.281561e+03
5.800000000000000e+01	3.122519e+03
5.900000000000000e+01	3.053811e+03
6.000000000000000e+01	2.957564e+03
6.100000000000000e+01	2.897208e+03
6.200000000000000e+01	2.798835e+03
6.300000000000000e+01	2.684723e+03
6.400000000000000e+01	2.580755e+03
6.500000000000000e+01	2.504749e+03
6.600000000000000e+01	2.444240e+03
6.700000000000000e+01	2.393262e+03
6.800000000000000e+01	2.305181e+03
6.900000000000000e+01	2.237612e+03
7.000000000000000e+01	2.202707e+03
7.100000000000000e+01	2.089424e+03
7.200000000000000e+01	2.065046e+03
7.300000000000000e+01	1.986416e+03
7.400000000000000e+01	1.955607e+03
7.500000000000000e+01	1.899049e+03
7.600000000000000e+01	1.807129e+03
7.700000000000000e+01	1.772339e+03
7.800000000000000e+01	1.716201e+03
7.900000000000000e+01	1.694849e+03
8.000000000000000e+01	1.621667e+03
8.100000000000000e+01	1.616977e+03
8.200000000000000e+01	1.528616e+03
8.300000000000000e+01	1.520918e+03
8.400000000000000e+01	1.478323e+03
8.500000000000000e+01	1.438154e+03
8.600000000000000e+01	1.382616e+03
8.700000000000000e+01	1.339683e+03
8.800000000000000e+01	1.298250e+03
8.900000000000000e+01	1.310880e+03
9.000000000000000e+01	1.245703e+03
9.100000000000000e+01	1.238614e+03
9.200000000000000e+01	1.197063e+03
9.300000000000000e+01	1.176803e+03
9.400000000000000e+01	1.149879e+03
9.500000000000000e+01	1.119113e+03
9.600000000000000e+01	1.079427e+03
9.700000000000000e+01	1.052464e+03
9.800000000000000e+01	1.043761e+03
9.900000000000000e+01	9.985656e+02
1.000000000000000e+02	9.901267e+02
Step Information: Run=10  (Step: 10/20)
2.500000000000000e+01	1.000000e+04
2.600000000000000e+01	9.619915e+03
2.700000000000000e+01	9.252621e+03
2.800000000000000e+01	8.904001e+03
2.900000000000000e+01	8.570250e+03
3.000000000000000e+01	8.253741e+03
3.100000000000000e+01	7.965005e+03
3.200000000000000e+01	7.682009e+03
3.300000000000000e+01	7.404962e+03
3.400000000000000e+01	7.122304e+03
3.500000000000000e+01	6.847070e+03
3.600000000000000e+01	6.628425e+03
3.700000000000000e+01	6.361976e+03
3.800000000000000e+01	6.164648e+03
3.900000000000000e+01	5.962253e+03
4.000000000000000e+01	5.767489e+03
4.100000000000000e+01	5.567426e+03
4.200000000000000e+01	5.337043e+03
4.300000000000000e+01	5.195033e+03
4.400000000000000e+01	5.003061e+03
4.500000000000000e+01	4.832226e+03
4.600000000000000e+01	4.640466e+03
4.700000000000000e+01	4.529709e+03
4.800000000000000e+01	4.386941e+03
4.900000000000000e+01	4.246309e+03
5.000000000000000e+01	4.092042e+03
5.100000000000000e+01	3.928221e+03
5.200000000000000e+01	3.817207e+03
5.300000000000000e+01	3.664590e+03
5.400000000000000e+01	3.583491e+03
5.500000000000000e+01	3.495013e+03
5.600000000000000e+01	3.363142e+03
5.700000000000000e+01	3.223554e+03
5.800000000000000e+01	3.157623e+03
5.900000000000000e+01	3.076334e+03
6.000000000000000e+01	2.962131e+03
6.100000000000000e+01	2.839748e+03
6.200000000000000e+01	2.743759e+03
6.300000000000000e+01	2.692526e+03
6.400000000000000e+01	2.621326e+03
6.500000000000000e+01	2.547523e+03
6.600000000000000e+01	2.492238e+03
6.700000000000000e+01	2.363582e+03
6.800000000000000e+01	2.339475e+03
6.900000000000000e+01	2.261294e+03
7.000000000000000e+01	2.189339e+03
7.100000000000000e+01	2.133108e+03
7.200000000000000e+01	2.077019e+03
7.300000000000000e+01	2.025925e+03
7.400000000000000e+01	1.971521e+03
7.500000000000000e+01	1.862133e+03
7.600000000000000e+01	1.851153e+03
7.700000000000000e+01	1.781332e+03
7.800000000000000e+01	1.745562e+03
7.900000000000000e+01	1.699744e+03
8.000000000000000e+01	1.626064e+03
8.100000000000000e+01	1.605242e+03
8.200000000000000e+01	1.572247e+03
8.300000000000000e+01	1.540573e+03
8.400000000000000e+01	1.477904e+03
8.500000000000000e+01	1.410098e+03
8.600000000000000e+01	1.368044e+03
8.700000000000000e+01	1.346494e+03
8.800000000000000e+01	1.314794e+03
8.900000000000000e+01	1.281283e+03
9.000000000000000e+01	1.232299e+03
9.100000000000000e+01	1.202467e+03
9.200000000000000e+01	1.215108e+03
9.300000000000000e+01	1.149148e+03
9.400000000000000e+01	1.126171e+03
9.500000000000000e+01	1.123865e+03
9.600000000000000e+01	1.067775e+03
9.700000000000000e+01	1.057224e+03
9.800000000000000e+01	1.023175e+03
9.900000000000000e+01	9.758935e+02
1.000000000000000e+02	9.694161e+02
Step Information: Run=11  (Step: 11/20)
2.500000000000000e+01	1.000000e+04
2.600000000000000e+01	9.622399e+03
2.700000000000000e+01	9.253137e+03
2.800000000000000e+01	8.899973e+03
2.900000000000000e+01	8.565850e+03
3.000000000000000e+01	8.254381e+03
3.100000000000000e+01	7.960407e+03
3.200000000000000e+01	7.657023e+03
3.300000000000000e+01	7.378036e+03
3.400000000000000e+01	7.129617e+03
3.500000000000000e+01	6.855743e+03
3.600000000000000e+01	6.622276e+03
3.700000000000000e+01	6.366654e+03
3.800000000000000e+01	6.169247e+03
3.900000000000000e+01	5.930764e+03
4.000000000000000e+01	5.727331e+03
4.100000000000000e+01	5.555978e+03
4.200000000000000e+01	5.320857e+03
4.300000000000000e+01	5.159286e+03
4.400000000000000e+01	4.999319e+03
4.500000000000000e+01	4.803381e+03
4.600000000000000e+01	4.661898e+03
4.700000000000000e+01	4.478830e+03
4.800000000000000e+01	4.364747e+03
4.900000000000000e+01	4.230317e+03
5.000000000000000e+01	4.095303e+03
5.100000000000000e+01	3.980795e+03
5.200000000000000e+01	3.824461e+03
5.300000000000000e+01	3.716268e+03
5.400000000000000e+01	3.556510e+03
5.500000000000000e+01	3.455136e+03
5.600000000000000e+01	3.333584e+03
5.700000000000000e+01	3.248963e+03
5.800000000000000e+01	3.156178e+03
5.900000000000000e+01	3.026474e+03
6.000000000000000e+01	2.983413e+03
6.100000000000000e+01	2.884044e+03
6.200000000000000e+01	2.778684e+03
6.300000000000000e+01	2.721310e+03
6.400000000000000e+01	2.580558e+03
6.500000000000000e+01	2.520087e+03
6.600000000000000e+01	2.479664e+03
6.700000000000000e+01	2.375387e+03
6.800000000000000e+01	2.321213e+03
6.900000000000000e+01	2.238557e+03
7.000000000000000e+01	2.157733e+03
7.100000000000000e+01	2.099556e+03
7.200000000000000e+01	2.079691e+03
7.300000000000000e+01	1.973215e+03
7.400000000000000e+01	1.921342e+03
7.500000000000000e+01	1.877274e+03
7.600000000000000e+01	1.808303e+03
7.700000000000000e+01	1.790885e+03
7.800000000000000e+01	1.716215e+03
7.900000000000000e+01	1.713320e+03
8.000000000000000e+01	1.632145e+03
8.100000000000000e+01	1.621327e+03
8.200000000000000e+01	1.542905e+03
8.300000000000000e+01	1.528692e+03
8.400000000000000e+01	1.456228e+03
8.500000000000000e+01	1.456093e+03
8.600000000000000e+01	1.399776e+03
8.700000000000000e+01	1.373729e+03
8.800000000000000e+01	1.344544e+03
8.900000000000000e+01	1.286645e+03
9.000000000000000e+01	1.229570e+03
9.100000000000000e+01	1.239146e+03
9.200000000000000e+01	1.169489e+03
9.300000000000000e+01	1.169911e+03
9.400000000000000e+01	1.126672e+03
9.500000000000000e+01	1.085504e+03
9.600000000000000e+01	1.079786e+03
9.700000000000000e+01	1.071172e+03
9.800000000000000e+01	1.044621e+03
9.900000000000000e+01	1.010225e+03
1.000000000000000e+02	9.766089e+02
Step Information: Run=12  (Step: 12/20)
2.500000000000000e+01	1.000000e+04
2.600000000000000e+01	9.617163e+03
2.700000000000000e+01	9.252184e+03
2.800000000000000e+01	8.917430e+03
2.900000000000000e+01	8.581969e+03
3.000000000000000e+01	8.265785e+03
3.100000000000000e+01	7.950223e+03
3.200000000000000e+01	7.646537e+03
3.300000000000000e+01	7.397481e+03
3.400000000000000e+01	7.128921e+03
3.500000000000000e+01	6.884585e+03
3.600000000000000e+01	6.627824e+03
3.700000000000000e+01	6.409665e+03
3.800000000000000e+01	6.152604e+03
3.900000000000000e+01	5.941012e+03
4.000000000000000e+01	5.746863e+03
4.100000000000000e+01	5.537214e+03
4.200000000000000e+01	5.315484e+03
4.300000000000000e+01	5.142182e+03
4.400000000000000e+01	4.963338e+03
4.500000000000000e+01	4.849224e+03
4.600000000000000e+01	4.653308e+03
4.700000000000000e+01	4.482739e+03
4.800000000000000e+01	4.322181e+03
4.900000000000000e+01	4.203520e+03
5.000000000000000e+01	4.058149e+03
5.100000000000000e+01	3.925197e+03
5.200000000000000e+01	3.804499e+03
5.300000000000000e+01	3.691333e+03
5.400000000000000e+01	3.559569e+03
5.500000000000000e+01	3.442607e+03
5.600000000000000e+01	3.354803e+03
5.700000000000000e+01	3.242077e+03
5.800000000000000e+01	3.113949e+03
5.900000000000000e+01	3.081030e+03
6.000000000000000e+01	2.990168e+03
6.100000000000000e+01	2.875224e+03
6.200000000000000e+01	2.809111e+03
6.300000000000000e+01	2.674897e+03
6.400000000000000e+01	2.615525e+03
6.500000000000000e+01	2.539958e+03
6.600000000000000e+01	2.475606e+03
6.700000000000000e+01	2.386693e+03
6.800000000000000e+01	2.326707e+03
6.900000000000000e+01	2.275873e+03
7.000000000000000e+01	2.178227e+03
7.100000000000000e+01	2.153769e+03
7.200000000000000e+01	2.062948e+03
7.300000000000000e+01	2.027559e+03
7.400000000000000e+01	1.955563e+03
7.500000000000000e+01	1.916594e+03
7.600000000000000e+01	1.855825e+03
7.700000000000000e+01	1.785041e+03
7.800000000000000e+01	1.738014e+03
7.900000000000000e+01	1.716866e+03
8.000000000000000e+01	1.621582e+03
8.100000000000000e+01	1.571426e+03
8.200000000000000e+01	1.534001e+03
8.300000000000000e+01	1.485181e+03
8.400000000000000e+01	1.451521e+03
8.500000000000000e+01	1.414784e+03
8.600000000000000e+01	1.371750e+03
8.700000000000000e+01	1.352459e+03
8.800000000000000e+01	1.304786e+03
8.900000000000000e+01	1.285673e+03
9.000000000000000e+01	1.232911e+03
9.100000000000000e+01	1.239058e+03
9.200000000000000e+01	1.215137e+03
9.300000000000000e+01	1.142430e+03
9.400000000000000e+01	1.113949e+03
9.500000000000000e+01	1.088174e+03
9.600000000000000e+01	1.063461e+03
9.700000000000000e+01	1.036531e+03
9.800000000000000e+01	1.017500e+03
9.900000000000000e+01	9.933653e+02
1.000000000000000e+02	9.527338e+02
Step Information: Run=13  (Step: 13/20)
2.500000000000000e+01	1.000000e+04
2.600000000000000e+01	9.622639e+03
2.700000000000000e+01	9.254482e+03
2.800000000000000e+01	8.903908e+03
2.900000000000000e+01	8.581980e+03
3.000000000000000e+01	8.264421e+03
3.100000000000000e+01	7.951962e+03
3.200000000000000e+01	7.657936e+03
3.300000000000000e+01	7.405109e+03
3.400000000000000e+01	7.095315e+03
3.500000000000000e+01	6.847993e+03
3.600000000000000e+01	6.610811e+03
3.700000000000000e+01	6.394022e+03
3.800000000000000e+01	6.131066e+03
3.900000000000000e+01	5.943444e+03
4.000000000000000e+01	5.710353e+03
4.100000000000000e+01	5.534424e+03
4.200000000000000e+01	5.352431e+03
4.300000000000000e+01	5.134769e+03
4.400000000000000e+01	5.017629e+03
4.500000000000000e+01	4.789056e+03
4.600000000000000e+01	4.680796e+03
4.700000000000000e+01	4.499445e+03
4.800000000000000e+01	4.352265e+03
4.900000000000000e+01	4.194882e+03
5.000000000000000e+01	4.082853e+03
5.100000000000000e+01	3.976768e+03
5.200000000000000e+01	3.816291e+03
5.300000000000000e+01	3.718486e+03
5.400000000000000e+01	3.574330e+03
5.500000000000000e+01	3.460558e+03
5.600000000000000e+01	3.340611e+03
5.700000000000000e+01	3.250934e+03
5.800000000000000e+01	3.160098e+03
5.900000000000000e+01	3.059439e+03
6.000000000000000e+01	2.982688e+03
6.100000000000000e+01	2.849671e+03
6.200000000000000e+01	2.791084e+03
6.300000000000000e+01	2.683587e+03
6.400000000000000e+01	2.644700e+03
6.500000000000000e+01	2.507634e+03
6.600000000000000e+01	2.487935e+03
6.700000000000000e+01	2.415410e+03
6.800000000000000e+01	2.325030e+03
6.900000000000000e+01	2.238984e+03
7.000000000000000e+01	2.185065e+03
7.100000000000000e+01	2.124202e+03
7.200000000000000e+01	2.079731e+03
7.300000000000000e+01	2.007892e+03
7.400000000000000e+01	1.970411e+03
7.500000000000000e+01	1.891069e+03
7.600000000000000e+01	1.861704e+03
7.700000000000000e+01	1.794857e+03
7.800000000000000e+01	1.749377e+03
7.900000000000000e+01	1.699088e+03
8.000000000000000e+01	1.656765e+03
8.100000000000000e+01	1.594969e+03
8.200000000000000e+01	1.579397e+03
8.300000000000000e+01	1.540205e+03
8.400000000000000e+01	1.492552e+03
8.500000000000000e+01	1.410653e+03
8.600000000000000e+01	1.381311e+03
8.700000000000000e+01	1.352166e+03
8.800000000000000e+01	1.298144e+03
8.900000000000000e+01	1.265979e+03
9.000000000000000e+01	1.267732e+03
9.100000000000000e+01	1.201390e+03
9.200000000000000e+01	1.193391e+03
9.300000000000000e+01	1.156983e+03
9.400000000000000e+01	1.138013e+03
9.500000000000000e+01	1.124848e+03
9.600000000000000e+01	1.071354e+03
9.700000000000000e+01	1.054808e+03
9.800000000000000e+01	1.008936e+03
9.900000000000000e+01	9.903019e+02
1.000000000000000e+02	9.541396e+02
Step Information: Run=14  (Step: 14/20)
2.500000000000000e+01	1.000000e+04
2.600000000000000e+01	9.620875e+03
2.700000000000000e+01	9.253842e+03
2.800000000000000e+01	8.904926e+03
2.900000000000000e+01	8.579104e+03
3.000000000000000e+01	8.273920e+03
3.100000000000000e+01	7.972727e+03
3.200000000000000e+01	7.668170e+03
3.300000000000000e+01	7.362830e+03
3.400000000000000e+01	7.133029e+03
3.500000000000000e+01	6.856478e+03
3.600000000000000e+01	6.595532e+03
3.700000000000000e+01	6.363764e+03
3.800000000000000e+01	6.139679e+03
3.900000000000000e+01	5.917628e+03
4.000000000000000e+01	5.751465e+03
4.100000000000000e+01	5.529496e+03
4.200000000000000e+01	5.354317e+03
4.300000000000000e+01	5.132899e+03
4.400000000000000e+01	4.993243e+03
4.500000000000000e+01	4.810727e+03
4.600000000000000e+01	4.630810e+03
4.700000000000000e+01	4.501303e+03
4.800000000000000e+01	4.361821e+03
4.900000000000000e+01	4.227239e+03
5.000000000000000e+01	4.046140e+03
5.100000000000000e+01	3.908817e+03
5.200000000000000e+01	3.832964e+03
5.300000000000000e+01	3.729779e+03
5.400000000000000e+01	3.588524e+03
5.500000000000000e+01	3.434847e+03
5.600000000000000e+01	3.382579e+03
5.700000000000000e+01	3.262676e+03
5.800000000000000e+01	3.145956e+03
5.900000000000000e+01	3.078032e+03
6.000000000000000e+01	2.937746e+03
6.100000000000000e+01	2.879507e+03
6.200000000000000e+01	2.793967e+03
6.300000000000000e+01	2.707245e+03
6.400000000000000e+01	2.620124e+03
6.500000000000000e+01	2.552345e+03
6.600000000000000e+01	2.461440e+03
6.700000000000000e+01	2.406608e+03
6.800000000000000e+01	2.288688e+03
6.900000000000000e+01	2.280858e+03
7.000000000000000e+01	2.153332e+03
7.100000000000000e+01	2.103190e+03
7.200000000000000e+01	2.064073e+03
7.300000000000000e+01	2.020562e+03
7.400000000000000e+01	1.970710e+03
7.500000000000000e+01	1.887564e+03
7.600000000000000e+01	1.835131e+03
7.700000000000000e+01	1.775831e+03
7.800000000000000e+01	1.762277e+03
7.900000000000000e+01	1.679918e+03
8.000000000000000e+01	1.663559e+03
8.100000000000000e+01	1.603305e+03
8.200000000000000e+01	1.530265e+03
8.300000000000000e+01	1.516756e+03
8.400000000000000e+01	1.463810e+03
8.500000000000000e+01	1.426136e+03
8.600000000000000e+01	1.378195e+03
8.700000000000000e+01	1.360883e+03
8.800000000000000e+01	1.311484e+03
8.900000000000000e+01	1.270924e+03
9.000000000000000e+01	1.266521e+03
9.100000000000000e+01	1.244910e+03
9.200000000000000e+01	1.180039e+03
9.300000000000000e+01	1.145181e+03
9.400000000000000e+01	1.107851e+03
9.500000000000000e+01	1.078433e+03
9.600000000000000e+01	1.096576e+03
9.700000000000000e+01	1.027742e+03
9.800000000000000e+01	1.042103e+03
9.900000000000000e+01	1.001728e+03
1.000000000000000e+02	9.887808e+02
Step Information: Run=15  (Step: 15/20)
2.500000000000000e+01	1.000000e+04
2.600000000000000e+01	9.623330e+03
2.700000000000000e+01	9.250836e+03
2.800000000000000e+01	8.900756e+03
2.900000000000000e+01	8.575985e+03
3.000000000000000e+01	8.264827e+03
3.100000000000000e+01	7.958425e+03
3.200000000000000e+01	7.667667e+03
3.300000000000000e+01	7.397502e+03
3.400000000000000e+01	7.116018e+03
3.500000000000000e+01	6.874162e+03
3.600000000000000e+01	6.625449e+03
3.700000000000000e+01	6.409817e+03
3.800000000000000e+01	6.140494e+03
3.900000000000000e+01	5.936271e+03
4.000000000000000e+01	5.749232e+03
4.100000000000000e+01	5.556736e+03
4.200000000000000e+01	5.353471e+03
4.300000000000000e+01	5.151068e+03
4.400000000000000e+01	4.966160e+03
4.500000000000000e+01	4.810251e+03
4.600000000000000e+01	4.656051e+03
4.700000000000000e+01	4.484767e+03
4.800000000000000e+01	4.381523e+03
4.900000000000000e+01	4.204110e+03
5.000000000000000e+01	4.040616e+03
5.100000000000000e+01	3.914110e+03
5.200000000000000e+01	3.818652e+03
5.300000000000000e+01	3.686182e+03
5.400000000000000e+01	3.547325e+03
5.500000000000000e+01	3.447521e+03
5.600000000000000e+01	3.359430e+03
5.700000000000000e+01	3.246899e+03
5.800000000000000e+01	3.167575e+03
5.900000000000000e+01	3.021888e+03
6.000000000000000e+01	2.984808e+03
6.100000000000000e+01	2.834009e+03
6.200000000000000e+01	2.786171e+03
6.300000000000000e+01	2.728469e+03
6.400000000000000e+01	2.617635e+03
6.500000000000000e+01	2.556372e+03
6.600000000000000e+01	2.433679e+03
6.700000000000000e+01	2.357908e+03
6.800000000000000e+01	2.346649e+03
6.900000000000000e+01	2.274472e+03
7.000000000000000e+01	2.183843e+03
7.100000000000000e+01	2.097713e+03
7.200000000000000e+01	2.041007e+03
7.300000000000000e+01	1.980275e+03
7.400000000000000e+01	1.918907e+03
7.500000000000000e+01	1.870067e+03
7.600000000000000e+01	1.827679e+03
7.700000000000000e+01	1.761472e+03
7.800000000000000e+01	1.750119e+03
7.900000000000000e+01	1.669346e+03
8.000000000000000e+01	1.631563e+03
8.100000000000000e+01	1.584959e+03
8.200000000000000e+01	1.538122e+03
8.300000000000000e+01	1.503133e+03
8.400000000000000e+01	1.457737e+03
8.500000000000000e+01	1.449239e+03
8.600000000000000e+01	1.390788e+03
8.700000000000000e+01	1.349741e+03
8.800000000000000e+01	1.311613e+03
8.900000000000000e+01	1.280418e+03
9.000000000000000e+01	1.238246e+03
9.100000000000000e+01	1.207097e+03
9.200000000000000e+01	1.179141e+03
9.300000000000000e+01	1.183989e+03
9.400000000000000e+01	1.108537e+03
9.500000000000000e+01	1.119913e+03
9.600000000000000e+01	1.088452e+03
9.700000000000000e+01	1.065161e+03
9.800000000000000e+01	1.004358e+03
9.900000000000000e+01	9.785530e+02
1.000000000000000e+02	9.943910e+02
Step Information: Run=16  (Step: 16/20)
2.500000000000000e+01	1.000000e+04
2.600000000000000e+01	9.617278e+03
2.700000000000000e+01	9.253977e+03
2.800000000000000e+01	8.909542e+03
2.900000000000000e+01	8.570334e+03
3.000000000000000e+01	8.256571e+03
3.100000000000000e+01	7.956699e+03
3.200000000000000e+01	7.662647e+03
3.300000000000000e+01	7.382228e+03
3.400000000000000e+01	7.111685e+03
3.500000000000000e+01	6.858130e+03
3.600000000000000e+01	6.603828e+03
3.700000000000000e+01	6.373750e+03
3.800000000000000e+01	6.181096e+03
3.900000000000000e+01	5.959198e+03
4.000000000000000e+01	5.747920e+03
4.100000000000000e+01	5.559733e+03
4.200000000000000e+01	5.342468e+03
4.300000000000000e+01	5.147683e+03
4.400000000000000e+01	5.002024e+03
4.500000000000000e+01	4.837458e+03
4.600000000000000e+01	4.632888e+03
4.700000000000000e+01	4.508108e+03
4.800000000000000e+01	4.352009e+03
4.900000000000000e+01	4.230698e+03
5.000000000000000e+01	4.101450e+03
5.100000000000000e+01	3.929639e+03
5.200000000000000e+01	3.839325e+03
5.300000000000000e+01	3.720922e+03
5.400000000000000e+01	3.605508e+03
5.500000000000000e+01	3.477631e+03
5.600000000000000e+01	3.369069e+03
5.700000000000000e+01	3.285354e+03
5.800000000000000e+01	3.174204e+03
5.900000000000000e+01	3.032715e+03
6.000000000000000e+01	2.980173e+03
6.100000000000000e+01	2.855267e+03
6.200000000000000e+01	2.757370e+03
6.300000000000000e+01	2.693558e+03
6.400000000000000e+01	2.642942e+03
6.500000000000000e+01	2.522127e+03
6.600000000000000e+01	2.435444e+03
6.700000000000000e+01	2.390898e+03
6.800000000000000e+01	2.291510e+03
6.900000000000000e+01	2.247929e+03
7.000000000000000e+01	2.196540e+03
7.100000000000000e+01	2.142809e+03
7.200000000000000e+01	2.057003e+03
7.300000000000000e+01	2.018250e+03
7.400000000000000e+01	1.953095e+03
7.500000000000000e+01	1.915607e+03
7.600000000000000e+01	1.807310e+03
7.700000000000000e+01	1.801378e+03
7.800000000000000e+01	1.741593e+03
7.900000000000000e+01	1.692520e+03
8.000000000000000e+01	1.628678e+03
8.100000000000000e+01	1.604438e+03
8.200000000000000e+01	1.566185e+03
8.300000000000000e+01	1.492577e+03
8.400000000000000e+01	1.493020e+03
8.500000000000000e+01	1.433845e+03
8.600000000000000e+01	1.378984e+03
8.700000000000000e+01	1.331037e+03
8.800000000000000e+01	1.306493e+03
8.900000000000000e+01	1.312853e+03
9.000000000000000e+01	1.230549e+03
9.100000000000000e+01	1.230352e+03
9.200000000000000e+01	1.213683e+03
9.300000000000000e+01	1.154829e+03
9.400000000000000e+01	1.107525e+03
9.500000000000000e+01	1.092829e+03
9.600000000000000e+01	1.066075e+03
9.700000000000000e+01	1.061798e+03
9.800000000000000e+01	1.035180e+03
9.900000000000000e+01	9.797084e+02
1.000000000000000e+02	9.553447e+02
Step Information: Run=17  (Step: 17/20)
2.500000000000000e+01	1.000000e+04
2.600000000000000e+01	9.623244e+03
2.700000000000000e+01	9.257979e+03
2.800000000000000e+01	8.912566e+03
2.900000000000000e+01	8.576518e+03
3.000000000000000e+01	8.251448e+03
3.100000000000000e+01	7.946831e+03
3.200000000000000e+01	7.678963e+03
3.300000000000000e+01	7.371732e+03
3.400000000000000e+01	7.126693e+03
3.500000000000000e+01	6.867551e+03
3.600000000000000e+01	6.627749e+03
3.700000000000000e+01	6.377338e+03
3.800000000000000e+01	6.170339e+03
3.900000000000000e+01	5.926240e+03
4.000000000000000e+01	5.726302e+03
4.100000000000000e+01	5.536529e+03
4.200000000000000e+01	5.334023e+03
4.300000000000000e+01	5.150710e+03
4.400000000000000e+01	4.981547e+03
4.500000000000000e+01	4.813474e+03
4.600000000000000e+01	4.689948e+03
4.700000000000000e+01	4.534171e+03
4.800000000000000e+01	4.353297e+03
4.900000000000000e+01	4.216520e+03
5.000000000000000e+01	4.058639e+03
5.100000000000000e+01	3.974117e+03
5.200000000000000e+01	3.794953e+03
5.300000000000000e+01	3.690921e+03
5.400000000000000e+01	3.542029e+03
5.500000000000000e+01	3.484768e+03
5.600000000000000e+01	3.324730e+03
5.700000000000000e+01	3.231788e+03
5.800000000000000e+01	3.126732e+03
5.900000000000000e+01	3.057771e+03
6.000000000000000e+01	2.927153e+03
6.100000000000000e+01	2.893797e+03
6.200000000000000e+01	2.803990e+03
6.300000000000000e+01	2.715144e+03
6.400000000000000e+01	2.639967e+03
6.500000000000000e+01	2.565969e+03
6.600000000000000e+01	2.488990e+03
6.700000000000000e+01	2.381234e+03
6.800000000000000e+01	2.286973e+03
6.900000000000000e+01	2.275673e+03
7.000000000000000e+01	2.161267e+03
7.100000000000000e+01	2.100633e+03
7.200000000000000e+01	2.062670e+03
7.300000000000000e+01	1.990970e+03
7.400000000000000e+01	1.966783e+03
7.500000000000000e+01	1.873721e+03
7.600000000000000e+01	1.853536e+03
7.700000000000000e+01	1.783837e+03
7.800000000000000e+01	1.723097e+03
7.900000000000000e+01	1.706498e+03
8.000000000000000e+01	1.637419e+03
8.100000000000000e+01	1.618587e+03
8.200000000000000e+01	1.556769e+03
8.300000000000000e+01	1.517117e+03
8.400000000000000e+01	1.477701e+03
8.500000000000000e+01	1.435294e+03
8.600000000000000e+01	1.387750e+03
8.700000000000000e+01	1.354520e+03
8.800000000000000e+01	1.307109e+03
8.900000000000000e+01	1.298192e+03
9.000000000000000e+01	1.238391e+03
9.100000000000000e+01	1.211528e+03
9.200000000000000e+01	1.198456e+03
9.300000000000000e+01	1.184320e+03
9.400000000000000e+01	1.136235e+03
9.500000000000000e+01	1.110999e+03
9.600000000000000e+01	1.092067e+03
9.700000000000000e+01	1.050615e+03
9.800000000000000e+01	1.010102e+03
9.900000000000000e+01	1.019070e+03
1.000000000000000e+02	9.494947e+02
Step Information: Run=18  (Step: 18/20)
2.500000000000000e+01	1.000000e+04
2.600000000000000e+01	9.616154e+03
2.700000000000000e+01	9.252071e+03
2.800000000000000e+01	8.898882e+03
2.900000000000000e+01	8.585593e+03
3.000000000000000e+01	8.262229e+03
3.100000000000000e+01	7.939446e+03
3.200000000000000e+01	7.663543e+03
3.300000000000000e+01	7.386980e+03
3.400000000000000e+01	7.136977e+03
3.500000000000000e+01	6.857948e+03
3.600000000000000e+01	6.599396e+03
3.700000000000000e+01	6.403919e+03
3.800000000000000e+01	6.150821e+03
3.900000000000000e+01	5.930824e+03
4.000000000000000e+01	5.763917e+03
4.100000000000000e+01	5.524555e+03
4.200000000000000e+01	5.382183e+03
4.300000000000000e+01	5.141925e+03
4.400000000000000e+01	4.957615e+03
4.500000000000000e+01	4.844639e+03
4.600000000000000e+01	4.673195e+03
4.700000000000000e+01	4.498203e+03
4.800000000000000e+01	4.327759e+03
4.900000000000000e+01	4.248833e+03
5.000000000000000e+01	4.104152e+03
5.100000000000000e+01	3.969382e+03
5.200000000000000e+01	3.798735e+03
5.300000000000000e+01	3.723757e+03
5.400000000000000e+01	3.604870e+03
5.500000000000000e+01	3.430993e+03
5.600000000000000e+01	3.353947e+03
5.700000000000000e+01	3.273088e+03
5.800000000000000e+01	3.121934e+03
5.900000000000000e+01	3.062517e+03
6.000000000000000e+01	2.954536e+03
6.100000000000000e+01	2.869960e+03
6.200000000000000e+01	2.792090e+03
6.300000000000000e+01	2.719496e+03
6.400000000000000e+01	2.626933e+03
6.500000000000000e+01	2.511385e+03
6.600000000000000e+01	2.467238e+03
6.700000000000000e+01	2.357998e+03
6.800000000000000e+01	2.323865e+03
6.900000000000000e+01	2.232082e+03
7.000000000000000e+01	2.193890e+03
7.100000000000000e+01	2.112453e+03
7.200000000000000e+01	2.036926e+03
7.300000000000000e+01	1.974724e+03
7.400000000000000e+01	1.950785e+03
7.500000000000000e+01	1.863531e+03
7.600000000000000e+01	1.841242e+03
7.700000000000000e+01	1.767241e+03
7.800000000000000e+01	1.745565e+03
7.900000000000000e+01	1.698620e+03
8.000000000000000e+01	1.652771e+03
8.100000000000000e+01	1.621410e+03
8.200000000000000e+01	1.541598e+03
8.300000000000000e+01	1.540842e+03
8.400000000000000e+01	1.476878e+03
8.500000000000000e+01	1.410385e+03
8.600000000000000e+01	1.418821e+03
8.700000000000000e+01	1.336540e+03
8.800000000000000e+01	1.324321e+03
8.900000000000000e+01	1.296270e+03
9.000000000000000e+01	1.258259e+03
9.100000000000000e+01	1.236454e+03
9.200000000000000e+01	1.211086e+03
9.300000000000000e+01	1.172762e+03
9.400000000000000e+01	1.133083e+03
9.500000000000000e+01	1.105415e+03
9.600000000000000e+01	1.078383e+03
9.700000000000000e+01	1.050335e+03
9.800000000000000e+01	1.037816e+03
9.900000000000000e+01	1.019035e+03
1.000000000000000e+02	9.605381e+02
Step Information: Run=19  (Step: 19/20)
2.500000000000000e+01	1.000000e+04
2.600000000000000e+01	9.616611e+03
2.700000000000000e+01	9.262280e+03
2.800000000000000e+01	8.908450e+03
2.900000000000000e+01	8.587271e+03
3.000000000000000e+01	8.273485e+03
3.100000000000000e+01	7.968580e+03
3.200000000000000e+01	7.677986e+03
3.300000000000000e+01	7.369403e+03
3.400000000000000e+01	7.130802e+03
3.500000000000000e+01	6.841768e+03
3.600000000000000e+01	6.602563e+03
3.700000000000000e+01	6.357839e+03
3.800000000000000e+01	6.168294e+03
3.900000000000000e+01	5.932211e+03
4.000000000000000e+01	5.731579e+03
4.100000000000000e+01	5.544460e+03
4.200000000000000e+01	5.317145e+03
4.300000000000000e+01	5.200150e+03
4.400000000000000e+01	4.986685e+03
4.500000000000000e+01	4.805959e+03
4.600000000000000e+01	4.644066e+03
4.700000000000000e+01	4.522518e+03
4.800000000000000e+01	4.325980e+03
4.900000000000000e+01	4.191772e+03
5.000000000000000e+01	4.075619e+03
5.100000000000000e+01	3.950138e+03
5.200000000000000e+01	3.842130e+03
5.300000000000000e+01	3.658177e+03
5.400000000000000e+01	3.592197e+03
5.500000000000000e+01	3.480142e+03
5.600000000000000e+01	3.333306e+03
5.700000000000000e+01	3.281161e+03
5.800000000000000e+01	3.132509e+03
5.900000000000000e+01	3.041293e+03
6.000000000000000e+01	2.929433e+03
6.100000000000000e+01	2.877244e+03
6.200000000000000e+01	2.763459e+03
6.300000000000000e+01	2.698821e+03
6.400000000000000e+01	2.636386e+03
6.500000000000000e+01	2.528826e+03
6.600000000000000e+01	2.465997e+03
6.700000000000000e+01	2.421520e+03
6.800000000000000e+01	2.331701e+03
6.900000000000000e+01	2.240654e+03
7.000000000000000e+01	2.171622e+03
7.100000000000000e+01	2.105189e+03
7.200000000000000e+01	2.064500e+03
7.300000000000000e+01	1.978300e+03
7.400000000000000e+01	1.971165e+03
7.500000000000000e+01	1.868059e+03
7.600000000000000e+01	1.849317e+03
7.700000000000000e+01	1.787475e+03
7.800000000000000e+01	1.731765e+03
7.900000000000000e+01	1.700092e+03
8.000000000000000e+01	1.670970e+03
8.100000000000000e+01	1.595202e+03
8.200000000000000e+01	1.538482e+03
8.300000000000000e+01	1.524168e+03
8.400000000000000e+01	1.459307e+03
8.500000000000000e+01	1.429324e+03
8.600000000000000e+01	1.381487e+03
8.700000000000000e+01	1.372957e+03
8.800000000000000e+01	1.301921e+03
8.900000000000000e+01	1.294036e+03
9.000000000000000e+01	1.263307e+03
9.100000000000000e+01	1.214310e+03
9.200000000000000e+01	1.167970e+03
9.300000000000000e+01	1.160236e+03
9.400000000000000e+01	1.150091e+03
9.500000000000000e+01	1.080115e+03
9.600000000000000e+01	1.054220e+03
9.700000000000000e+01	1.053438e+03
9.800000000000000e+01	1.023160e+03
9.900000000000000e+01	1.001504e+03
1.000000000000000e+02	9.514653e+02
Step Information: Run=20  (Step: 20/20)
2.500000000000000e+01	1.000000e+04
2.600000000000000e+01	9.616665e+03
2.700000000000000e+01	9.263189e+03
2.800000000000000e+01	8.905288e+03
2.900000000000000e+01	8.564955e+03
3.000000000000000e+01	8.273964e+03
3.100000000000000e+01	7.972795e+03
3.200000000000000e+01	7.683108e+03
3.300000000000000e+01	7.380467e+03
3.400000000000000e+01	7.137780e+03
3.500000000000000e+01	6.868829e+03
3.600000000000000e+01	6.636269e+03
3.700000000000000e+01	6.377879e+03
3.800000000000000e+01	6.152231e+03
3.900000000000000e+01	5.957817e+03
4.000000000000000e+01	5.752791e+03
4.100000000000000e+01	5.569588e+03
4.200000000000000e+01	5.359693e+03
4.300000000000000e+01	5.151287e+03
4.400000000000000e+01	4.959855e+03
4.500000000000000e+01	4.850705e+03
4.600000000000000e+01	4.634897e+03
4.700000000000000e+01	4.510034e+03
4.800000000000000e+01	4.374689e+03
4.900000000000000e+01	4.195263e+03
5.000000000000000e+01	4.054177e+03
5.100000000000000e+01	3.963064e+03
5.200000000000000e+01	3.827941e+03
5.300000000000000e+01	3.677125e+03
5.400000000000000e+01	3.593237e+03
5.500000000000000e+01	3.434638e+03
5.600000000000000e+01	3.333694e+03
5.700000000000000e+01	3.264210e+03
5.800000000000000e+01	3.173544e+03
5.900000000000000e+01	3.053359e+03
6.000000000000000e+01	2.939978e+03
6.100000000000000e+01	2.845602e+03
6.200000000000000e+01	2.763386e+03
6.300000000000000e+01	2.710764e+03
6.400000000000000e+01	2.648058e+03
6.500000000000000e+01	2.544083e+03
6.600000000000000e+01	2.457807e+03
6.700000000000000e+01	2.398886e+03
6.800000000000000e+01	2.295060e+03
6.900000000000000e+01	2.250410e+03
7.000000000000000e+01	2.162049e+03
7.100000000000000e+01	2.094875e+03
7.200000000000000e+01	2.056993e+03
7.300000000000000e+01	2.010654e+03
7.400000000000000e+01	1.927022e+03
7.500000000000000e+01	1.902275e+03
7.600000000000000e+01	1.833145e+03
7.700000000000000e+01	1.811876e+03
7.800000000000000e+01	1.762751e+03
7.900000000000000e+01	1.662714e+03
8.000000000000000e+01	1.640658e+03
8.100000000000000e+01	1.588210e+03
8.200000000000000e+01	1.546328e+03
8.300000000000000e+01	1.506997e+03
8.400000000000000e+01	1.444275e+03
8.500000000000000e+01	1.414563e+03
8.600000000000000e+01	1.388262e+03
8.700000000000000e+01	1.344787e+03
8.800000000000000e+01	1.321051e+03
8.900000000000000e+01	1.276073e+03
9.000000000000000e+01	1.274037e+03
9.100000000000000e+01	1.212530e+03
9.200000000000000e+01	1.179513e+03
9.300000000000000e+01	1.151410e+03
9.400000000000000e+01	1.122482e+03
9.500000000000000e+01	1.103416e+03
9.600000000000000e+01	1.095837e+03
9.700000000000000e+01	1.053432e+03
9.800000000000000e+01	1.015727e+03
9.900000000000000e+01	1.014150e+03
1.000000000000000e+02	9.702419e+02
