Vds	I(R2)
Step Information: Vgs=0  (Step: 1/6)
0.000000000000000e+00	0.000000e+00
1.000000000000000e+00	2.386624e-12
2.000000000000000e+00	4.009970e-12
3.000000000000000e+00	6.009948e-12
4.000000000000000e+00	8.009949e-12
5.000000000000000e+00	1.000995e-11
6.000000000000000e+00	1.200986e-11
7.000000000000000e+00	1.400995e-11
8.000000000000000e+00	1.600995e-11
9.000000000000000e+00	1.800995e-11
1.000000000000000e+01	2.000995e-11
1.100000000000000e+01	2.200995e-11
1.200000000000000e+01	2.400977e-11
1.300000000000000e+01	2.600995e-11
1.400000000000000e+01	2.800977e-11
1.500000000000000e+01	3.000995e-11
1.600000000000000e+01	3.200995e-11
1.700000000000000e+01	3.400977e-11
1.800000000000000e+01	3.600995e-11
1.900000000000000e+01	3.800977e-11
2.000000000000000e+01	4.000995e-11
2.100000000000000e+01	4.201013e-11
2.200000000000000e+01	4.400995e-11
2.300000000000000e+01	4.600977e-11
2.400000000000000e+01	4.800995e-11
2.500000000000000e+01	5.001013e-11
2.600000000000000e+01	5.200995e-11
2.700000000000000e+01	5.401013e-11
2.800000000000000e+01	5.600995e-11
2.900000000000000e+01	5.800977e-11
3.000000000000000e+01	6.001031e-11
Step Information: Vgs=2  (Step: 2/6)
0.000000000000000e+00	4.851403e-32
1.000000000000000e+00	2.999400e-05
2.000000000000000e+00	4.000000e-05
3.000000000000000e+00	4.000001e-05
4.000000000000000e+00	4.000001e-05
5.000000000000000e+00	4.000001e-05
6.000000000000000e+00	4.000001e-05
7.000000000000000e+00	4.000001e-05
8.000000000000000e+00	4.000002e-05
9.000000000000000e+00	4.000002e-05
1.000000000000000e+01	4.000002e-05
1.100000000000000e+01	4.000002e-05
1.200000000000000e+01	4.000002e-05
1.300000000000000e+01	4.000002e-05
1.400000000000000e+01	4.000003e-05
1.500000000000000e+01	4.000003e-05
1.600000000000000e+01	4.000003e-05
1.700000000000000e+01	4.000004e-05
1.800000000000000e+01	4.000004e-05
1.900000000000000e+01	4.000004e-05
2.000000000000000e+01	4.000004e-05
2.100000000000000e+01	4.000004e-05
2.200000000000000e+01	4.000004e-05
2.300000000000000e+01	4.000005e-05
2.400000000000000e+01	4.000005e-05
2.500000000000000e+01	4.000005e-05
2.600000000000000e+01	4.000005e-05
2.700000000000000e+01	4.000005e-05
2.800000000000000e+01	4.000006e-05
2.900000000000000e+01	4.000006e-05
3.000000000000000e+01	4.000006e-05
Step Information: Vgs=4  (Step: 3/6)
0.000000000000000e+00	5.080391e-32
1.000000000000000e+00	6.995802e-05
2.000000000000000e+00	1.199520e-04
3.000000000000000e+00	1.499700e-04
4.000000000000000e+00	1.600000e-04
5.000000000000000e+00	1.600000e-04
6.000000000000000e+00	1.600000e-04
7.000000000000000e+00	1.600000e-04
8.000000000000000e+00	1.600000e-04
9.000000000000000e+00	1.600000e-04
1.000000000000000e+01	1.600000e-04
1.100000000000000e+01	1.600000e-04
1.200000000000000e+01	1.600000e-04
1.300000000000000e+01	1.600000e-04
1.400000000000000e+01	1.600000e-04
1.500000000000000e+01	1.600000e-04
1.600000000000000e+01	1.600000e-04
1.700000000000000e+01	1.600000e-04
1.800000000000000e+01	1.600000e-04
1.900000000000000e+01	1.600000e-04
2.000000000000000e+01	1.600000e-04
2.100000000000000e+01	1.600000e-04
2.200000000000000e+01	1.600000e-04
2.300000000000000e+01	1.600000e-04
2.400000000000000e+01	1.600001e-04
2.500000000000000e+01	1.600001e-04
2.600000000000000e+01	1.600001e-04
2.700000000000000e+01	1.600001e-04
2.800000000000000e+01	1.600001e-04
2.900000000000000e+01	1.600001e-04
3.000000000000000e+01	1.600001e-04
Step Information: Vgs=6  (Step: 4/6)
0.000000000000000e+00	9.243232e-29
1.000000000000000e+00	1.098901e-04
2.000000000000000e+00	1.998401e-04
3.000000000000000e+00	2.698380e-04
4.000000000000000e+00	3.198720e-04
5.000000000000000e+00	3.499299e-04
6.000000000000000e+00	3.599999e-04
7.000000000000000e+00	3.600000e-04
8.000000000000000e+00	3.600000e-04
9.000000000000000e+00	3.600000e-04
1.000000000000000e+01	3.600000e-04
1.100000000000000e+01	3.600000e-04
1.200000000000000e+01	3.600000e-04
1.300000000000000e+01	3.600000e-04
1.400000000000000e+01	3.600000e-04
1.500000000000000e+01	3.600000e-04
1.600000000000000e+01	3.600000e-04
1.700000000000000e+01	3.600000e-04
1.800000000000000e+01	3.600000e-04
1.900000000000000e+01	3.600000e-04
2.000000000000000e+01	3.600000e-04
2.100000000000000e+01	3.600000e-04
2.200000000000000e+01	3.600000e-04
2.300000000000000e+01	3.600000e-04
2.400000000000000e+01	3.600000e-04
2.500000000000000e+01	3.600001e-04
2.600000000000000e+01	3.600001e-04
2.700000000000000e+01	3.600001e-04
2.800000000000000e+01	3.600001e-04
2.900000000000000e+01	3.600001e-04
3.000000000000000e+01	3.600001e-04
Step Information: Vgs=8  (Step: 5/6)
0.000000000000000e+00	0.000000e+00
1.000000000000000e+00	1.497903e-04
2.000000000000000e+00	2.796643e-04
3.000000000000000e+00	3.896102e-04
4.000000000000000e+00	4.796161e-04
5.000000000000000e+00	5.496699e-04
6.000000000000000e+00	5.997597e-04
7.000000000000000e+00	6.298737e-04
8.000000000000000e+00	6.399996e-04
9.000000000000000e+00	6.400000e-04
1.000000000000000e+01	6.400000e-04
1.100000000000000e+01	6.400000e-04
1.200000000000000e+01	6.400000e-04
1.300000000000000e+01	6.400000e-04
1.400000000000000e+01	6.400000e-04
1.500000000000000e+01	6.400000e-04
1.600000000000000e+01	6.400000e-04
1.700000000000000e+01	6.400000e-04
1.800000000000000e+01	6.400000e-04
1.900000000000000e+01	6.400000e-04
2.000000000000000e+01	6.400000e-04
2.100000000000000e+01	6.400000e-04
2.200000000000000e+01	6.400000e-04
2.300000000000000e+01	6.400000e-04
2.400000000000000e+01	6.400000e-04
2.500000000000000e+01	6.400000e-04
2.600000000000000e+01	6.400000e-04
2.700000000000000e+01	6.400000e-04
2.800000000000000e+01	6.400000e-04
2.900000000000000e+01	6.400000e-04
3.000000000000000e+01	6.400000e-04
Step Information: Vgs=10  (Step: 6/6)
0.000000000000000e+00	0.000000e+00
1.000000000000000e+00	1.896586e-04
2.000000000000000e+00	3.594248e-04
3.000000000000000e+00	5.092868e-04
4.000000000000000e+00	6.392325e-04
5.000000000000000e+00	7.492502e-04
6.000000000000000e+00	8.393279e-04
7.000000000000000e+00	9.094535e-04
8.000000000000000e+00	9.596152e-04
9.000000000000000e+00	9.898011e-04
1.000000000000000e+01	9.999990e-04
1.100000000000000e+01	1.000000e-03
1.200000000000000e+01	1.000000e-03
1.300000000000000e+01	1.000000e-03
1.400000000000000e+01	1.000000e-03
1.500000000000000e+01	1.000000e-03
1.600000000000000e+01	1.000000e-03
1.700000000000000e+01	1.000000e-03
1.800000000000000e+01	1.000000e-03
1.900000000000000e+01	1.000000e-03
2.000000000000000e+01	1.000000e-03
2.100000000000000e+01	1.000000e-03
2.200000000000000e+01	1.000000e-03
2.300000000000000e+01	1.000000e-03
2.400000000000000e+01	1.000000e-03
2.500000000000000e+01	1.000000e-03
2.600000000000000e+01	1.000000e-03
2.700000000000000e+01	1.000000e-03
2.800000000000000e+01	1.000000e-03
2.900000000000000e+01	1.000000e-03
3.000000000000000e+01	1.000000e-03
